3387324984 -42.022457 -312.602539 1.000000
3387325187 -33.336079 -305.223602 1.000000
3387325406 -23.965059 -297.263062 1.000000
3387325609 -15.278681 -289.884125 1.000000
3387325812 -6.592302 -282.505188 1.000000
3387326015 2.094076 -275.126251 1.000000
3387326203 10.138604 -268.292542 1.000000
3387326421 19.466833 -260.368347 1.000000
3387326625 28.196003 -252.953049 1.000000
3387326828 36.882381 -245.574097 1.000000
3387327031 45.568760 -238.195145 1.000000
3387327234 54.255138 -230.816193 1.000000
3387327453 63.626160 -222.855652 1.000000
3387327656 72.312538 -215.476700 1.000000
3387327859 80.998917 -208.097748 1.000000
3387328078 90.369934 -200.137207 1.000000
3387328281 99.056313 -192.758255 1.000000
3387328468 107.058052 -185.960907 1.000000
3387328671 115.744431 -178.581955 1.000000
3387328875 124.473602 -171.166656 1.000000
3387329062 132.475342 -164.369293 1.000000
3387329265 141.161713 -156.990341 1.000000
3387329484 150.532730 -149.029800 1.000000
3387329703 159.903748 -141.069260 1.000000
3387329906 168.590118 -133.690308 1.000000
3387330109 177.276489 -126.311363 1.000000
3387330312 185.962860 -118.932419 1.000000
3387330515 194.649231 -111.553474 1.000000
3387330718 203.335602 -104.174530 1.000000
3387330937 212.706619 -96.213989 1.000000
3387331140 221.393005 -88.835045 1.000000
3387331343 230.079376 -81.456100 1.000000
3387331531 238.123901 -74.622398 1.000000
3387331734 246.810272 -67.243454 1.000000
3387331937 255.496643 -59.864506 1.000000
3387332140 264.183014 -52.485558 1.000000
3387332359 273.554047 -44.525017 1.000000
3387332562 282.240417 -37.146069 1.000000
3387332765 290.926788 -29.767120 1.000000
3387332984 300.297821 -21.806581 1.000000
3387333187 308.984192 -14.427634 1.000000
3387333390 317.670563 -7.048687 1.000000
3387333609 327.041595 0.911852 1.000000
3387333812 335.727966 8.290800 1.000000
3387334015 344.414337 15.669747 1.000000
3387334218 353.100708 23.048695 1.000000
3387334421 336.274231 36.822731 1.000000
3387334625 322.480865 50.664619 1.000000
3387334828 308.755096 64.438660 1.000000
3387335031 295.029327 78.212700 1.000000
3387335234 281.303558 91.986740 1.000000
3387335437 267.577789 105.760780 1.000000
3387335640 253.852036 119.534821 1.000000
3387335843 240.126282 133.308853 1.000000
3387336046 226.400528 147.082886 1.000000
3387336265 211.592941 161.942566 1.000000
3387336453 198.881409 174.698822 1.000000
3387336671 184.141434 189.490646 1.000000
3387336875 170.348068 203.332535 1.000000
3387337078 156.622314 217.106567 1.000000
3387337281 142.896561 230.880600 1.000000
3387337484 129.170807 244.654633 1.000000
3387337687 115.445053 258.428680 1.000000
3387337906 100.637466 273.288361 1.000000
3387338109 86.911713 287.062408 1.000000
3387338312 73.185959 300.836456 1.000000
3387338515 59.460205 314.610504 1.000000
3387338734 44.652615 329.470184 1.000000
3387338937 30.926859 343.244232 1.000000
3387339140 17.201103 357.018280 1.000000
3387339343 5.271259 359.333191 1.000000
3387339531 17.685654 340.591095 1.000000
3387339734 31.090559 330.431458 1.000000
3387339937 44.495464 320.271851 1.000000
3387340140 57.900368 310.112244 1.000000
3387340359 72.361816 299.151855 1.000000
3387340562 85.766724 288.992249 1.000000
3387340765 99.171631 278.832642 1.000000
3387340968 112.576538 268.673035 1.000000
3387341171 125.981445 258.513428 1.000000
3387341375 139.452393 248.303757 1.000000
3387341578 152.857300 238.144135 1.000000
3387341781 166.262207 227.984512 1.000000
3387341984 179.667114 217.824890 1.000000
3387342187 193.072021 207.665268 1.000000
3387342390 206.476929 197.505646 1.000000
3387342593 219.881836 187.346024 1.000000
3387342796 233.286743 177.186401 1.000000
3387343015 247.748199 166.226013 1.000000
3387343218 261.153107 156.066391 1.000000
3387343421 274.558014 145.906769 1.000000
3387343625 288.028961 135.697098 1.000000
3387343843 302.424377 124.786766 1.000000
3387344046 315.829285 114.627144 1.000000
3387344250 329.300232 104.417473 1.000000
3387344453 342.705139 94.257851 1.000000
3387344656 356.110046 84.098228 1.000000
3387344859 357.297852 70.024681 1.000000
3387345062 340.194275 78.710213 1.000000
3387345265 330.388550 87.395744 1.000000
3387345484 319.809967 96.765846 1.000000
3387345687 310.004242 105.451378 1.000000
3387345890 300.198517 114.136909 1.000000
3387346093 290.392792 122.822441 1.000000
3387346296 280.587067 131.507965 1.000000
3387346500 270.733032 140.236282 1.000000
3387346703 260.927307 148.921814 1.000000
3387346906 251.121582 157.607346 1.000000
3387347109 241.315857 166.292877 1.000000
3387347312 231.510132 174.978409 1.000000
3387347515 221.704407 183.663940 1.000000
3387347718 211.898682 192.349472 1.000000
3387347921 202.092957 201.035004 1.000000
3387348125 192.238922 209.763321 1.000000
3387348328 182.433197 218.448853 1.000000
3387348531 172.627472 227.134384 1.000000
3387348750 162.048874 236.504486 1.000000
3387348953 152.243149 245.190018 1.000000
3387349171 142.437424 253.875549 1.000000
3387349343 133.404556 261.876495 1.000000
3387349546 123.598824 270.562012 1.000000
3387349765 113.020226 279.932129 1.000000
3387349968 103.214493 288.617645 1.000000
3387350171 93.408760 297.303162 1.000000
3387350375 83.554726 306.031464 1.000000
3387350578 73.748993 314.716980 1.000000
3387350796 63.218700 324.044312 1.000000
3387351000 53.364666 332.772614 1.000000
3387351203 43.558937 341.458130 1.000000
3387351421 33.028645 350.785461 1.000000
3387351625 19.635021 362.859833 1.000000
3387351843 6.093596 362.482086 1.000000
3387352046 -7.831908 338.584137 1.000000
3387352250 -21.826012 327.112030 1.000000
3387352453 -35.751518 315.696167 1.000000
3387352671 -50.706001 303.436768 1.000000
3387352875 -64.700104 291.964661 1.000000
3387353093 -79.654587 279.705261 1.000000
3387353296 -93.580093 268.289398 1.000000
3387353500 -107.574196 256.817291 1.000000
3387353703 -121.499702 245.401428 1.000000
3387353906 -135.425201 233.985565 1.000000
3387354109 -149.350708 222.569702 1.000000
3387354312 -163.276215 211.153839 1.000000
3387354515 -177.201721 199.737976 1.000000
3387354718 -191.127228 188.322113 1.000000
3387354937 -206.150314 176.006485 1.000000
3387355156 -221.173401 163.690857 1.000000
3387355359 -235.098907 152.274994 1.000000
3387355562 -249.024414 140.859131 1.000000
3387355765 -262.949921 129.443268 1.000000
3387355968 -276.875427 118.027412 1.000000
3387356171 -290.800934 106.611557 1.000000
3387356375 -304.795044 95.139465 1.000000
3387356578 -318.720551 83.723610 1.000000
3387356796 -333.675049 71.464218 1.000000
3387357000 -347.669159 59.992126 1.000000
3387357218 -362.623657 47.732735 1.000000
3387357421 -339.113586 57.541157 1.000000
3387357625 -328.173553 67.397896 1.000000
3387357828 -317.287140 77.206314 1.000000
3387358031 -306.400726 87.014732 1.000000
3387358234 -295.514313 96.823151 1.000000
3387358437 -284.627899 106.631569 1.000000
3387358640 -273.741486 116.439987 1.000000
3387358859 -261.997040 127.021484 1.000000
3387359062 -251.110641 136.829910 1.000000
3387359265 -240.224243 146.638336 1.000000
3387359468 -229.337845 156.446762 1.000000
3387359671 -218.451447 166.255188 1.000000
3387359875 -207.511414 176.111923 1.000000
3387360078 -196.625015 185.920349 1.000000
3387360296 -185.738617 195.728775 1.000000
3387360468 -175.710251 204.764114 1.000000
3387360671 -164.823853 214.572540 1.000000
3387360890 -153.079407 225.154037 1.000000
3387361093 -142.193008 234.962463 1.000000
3387361312 -130.448563 245.543961 1.000000
3387361515 -119.562164 255.352386 1.000000
3387361718 -108.675766 265.160797 1.000000
3387361921 -97.789368 274.969208 1.000000
3387362140 -86.044922 285.550720 1.000000
3387362312 -76.820976 293.861298 1.000000
3387362515 -65.934578 303.669708 1.000000
3387362734 -54.190136 314.251221 1.000000
3387362953 -42.445694 324.832733 1.000000
3387363156 -31.559292 334.641144 1.000000
3387363375 -19.814850 345.222656 1.000000
3387363578 -8.928449 355.031067 1.000000
3387363781 -0.485422 336.061401 1.000000
3387363984 7.957604 322.122803 1.000000
3387364187 16.400631 308.184204 1.000000
3387364390 24.843658 294.245605 1.000000
3387364593 33.286686 280.307007 1.000000
3387364796 41.729713 266.368408 1.000000
3387365000 50.214333 252.361160 1.000000
3387365218 59.281227 237.392624 1.000000
3387365406 67.100388 224.483978 1.000000
3387365609 75.543411 210.545395 1.000000
3387365812 83.986435 196.606812 1.000000
3387366031 93.094925 181.569611 1.000000
3387366234 101.537949 167.631027 1.000000
3387366437 109.980972 153.692444 1.000000
3387366640 118.423996 139.753860 1.000000
3387366843 126.867020 125.815277 1.000000
3387367046 135.310043 111.876694 1.000000
3387367250 143.794662 97.869446 1.000000
3387367453 152.237686 83.930862 1.000000
3387367656 160.680710 69.992279 1.000000
3387367859 169.123734 56.053692 1.000000
3387368062 177.566757 42.115105 1.000000
3387368265 186.009781 28.176517 1.000000
3387368468 194.452805 14.237931 1.000000
3387368671 202.895828 0.299345 1.000000
3387368890 212.004318 -14.737849 1.000000
3387369093 220.447342 -28.676435 1.000000
3387369296 228.890366 -42.615021 1.000000
3387369500 237.374985 -56.622269 1.000000
3387369718 246.441879 -71.590797 1.000000
3387369937 255.550369 -86.627991 1.000000
3387370140 263.993408 -100.566574 1.000000
3387370343 272.436432 -114.505157 1.000000
3387370562 281.544922 -129.542358 1.000000
3387370781 290.653412 -144.579559 1.000000
3387370984 299.096436 -158.518143 1.000000
3387371187 307.539459 -172.456726 1.000000
3387371406 316.647949 -187.493927 1.000000
3387371625 325.756439 -202.531128 1.000000
3387371843 334.823334 -217.499664 1.000000
3387372031 342.642487 -230.408310 1.000000
3387372234 351.085510 -244.346893 1.000000
3387372437 358.094879 -236.783951 1.000000
3387372640 357.872711 -225.813293 1.000000
3387372843 359.619690 -234.838745 1.000000
3387373062 341.401337 -225.670380 1.000000
3387373265 333.430878 -217.171860 1.000000
3387373484 324.832214 -208.003494 1.000000
3387373687 316.861755 -199.504974 1.000000
3387373890 308.891296 -191.006454 1.000000
3387374093 300.920837 -182.507935 1.000000
3387374296 292.950378 -174.009415 1.000000
3387374500 284.940674 -165.469025 1.000000
3387374703 276.970215 -156.970505 1.000000
3387374906 268.999756 -148.471985 1.000000
3387375093 261.657532 -140.643295 1.000000
3387375312 253.058868 -131.474930 1.000000
3387375515 245.088425 -122.976402 1.000000
3387375718 237.117981 -114.477875 1.000000
3387375906 229.736481 -106.607323 1.000000
3387376125 221.137817 -97.438965 1.000000
3387376328 213.167374 -88.940437 1.000000
3387376531 205.196930 -80.441910 1.000000
3387376734 197.226486 -71.943382 1.000000
3387376937 189.256042 -63.444859 1.000000
3387377140 181.285599 -54.946335 1.000000
3387377343 173.315155 -46.447811 1.000000
3387377546 165.344711 -37.949287 1.000000
3387377765 156.746048 -28.780930 1.000000
3387377968 148.775604 -20.282406 1.000000
3387378171 140.805161 -11.783881 1.000000
3387378359 133.423660 -3.913326 1.000000
3387378562 125.453209 4.585198 1.000000
3387378765 117.482758 13.083723 1.000000
3387378984 108.884094 22.252083 1.000000
3387379187 100.913643 30.750607 1.000000
3387379390 92.943192 39.249130 1.000000
3387379609 84.344528 48.417488 1.000000
3387379812 76.374077 56.916012 1.000000
3387380031 67.775414 66.084373 1.000000
3387380234 59.804962 74.582901 1.000000
3387380437 51.834511 83.081429 1.000000
3387380640 43.864059 91.579956 1.000000
3387380859 35.265396 100.748314 1.000000
3387381062 27.294947 109.246841 1.000000
3387381265 19.324497 117.745369 1.000000
3387381484 10.725835 126.913727 1.000000
3387381687 2.755385 135.412247 1.000000
3387381890 -5.215064 143.910767 1.000000
3387382093 -13.185513 152.409286 1.000000
3387382296 -21.155964 160.907806 1.000000
3387382500 -29.165676 169.448196 1.000000
3387382718 -37.725075 178.574692 1.000000
3387382921 -45.695526 187.073212 1.000000
3387383140 -54.294189 196.241577 1.000000
3387383343 -62.264641 204.740097 1.000000
3387383562 -70.863304 213.908463 1.000000
3387383765 -78.833755 222.406982 1.000000
3387383968 -86.804207 230.905502 1.000000
3387384171 -94.774658 239.404022 1.000000
3387384359 -102.156158 247.274582 1.000000
3387384578 -110.754822 256.442932 1.000000
3387384765 -118.097061 264.271637 1.000000
3387384968 -126.067513 272.770172 1.000000
3387385171 -134.037964 281.268707 1.000000
3387385390 -142.636627 290.437073 1.000000
3387385593 -150.607071 298.935608 1.000000
3387385796 -158.577515 307.434143 1.000000
3387386015 -167.176178 316.602509 1.000000
3387386218 -175.146622 325.101044 1.000000
3387386437 -183.745285 334.269409 1.000000
3387386625 -191.126785 342.139954 1.000000
3387386828 -199.097229 350.638489 1.000000
3387387046 -209.147202 361.694183 1.000000
3387387250 -200.018417 362.409393 1.000000
3387387453 -207.765991 359.658722 1.000000
3387387656 -196.116577 362.693665 1.000000
3387387875 -185.490097 338.798401 1.000000
3387388093 -174.912140 327.647949 1.000000
3387388296 -165.062027 317.264740 1.000000
3387388500 -155.163391 306.830383 1.000000
3387388703 -145.313278 296.447174 1.000000
3387388906 -135.463165 286.063965 1.000000
3387389125 -124.836685 274.862366 1.000000
3387389328 -114.986572 264.479156 1.000000
3387389546 -104.408615 253.328705 1.000000
3387389750 -94.509979 242.894333 1.000000
3387389953 -84.659866 232.511108 1.000000
3387390140 -75.586113 222.946274 1.000000
3387390343 -65.735992 212.563049 1.000000
3387390562 -55.109512 201.361450 1.000000
3387390781 -44.483032 190.159851 1.000000
3387390984 -34.632915 179.776627 1.000000
3387391203 -24.006435 168.575027 1.000000
3387391406 -14.156319 158.191803 1.000000
3387391625 -3.529838 146.990204 1.000000
3387391828 6.320279 136.606979 1.000000
3387392046 16.898237 125.456528 1.000000
3387392265 27.524719 114.254921 1.000000
3387392453 36.646996 104.638931 1.000000
3387392671 47.224953 93.488480 1.000000
3387392875 57.123592 83.054108 1.000000
3387393078 66.973709 72.670883 1.000000
3387393296 77.551666 61.520428 1.000000
3387393500 87.450302 51.086056 1.000000
3387393703 97.300415 40.702835 1.000000
3387393890 106.374168 31.137993 1.000000
3387394093 116.224289 20.754770 1.000000
3387394312 126.850769 9.553165 1.000000
3387394515 136.700882 -0.830057 1.000000
3387394703 145.823151 -10.446046 1.000000
3387394906 155.673264 -20.829269 1.000000
3387395109 165.523376 -31.212492 1.000000
3387395312 175.373489 -41.595715 1.000000
3387395515 185.223602 -51.978935 1.000000
3387395718 195.073715 -62.362160 1.000000
3387395937 205.700195 -73.563766 1.000000
3387396140 215.550308 -83.946991 1.000000
3387396343 225.400421 -94.330215 1.000000
3387396546 235.250534 -104.713440 1.000000
3387396765 245.877014 -115.915047 1.000000
3387396968 255.727127 -126.298271 1.000000
3387397171 265.577240 -136.681488 1.000000
3387397375 275.475891 -147.115860 1.000000
3387397578 285.326019 -157.499084 1.000000
3387397781 295.176147 -167.882309 1.000000
3387398000 305.802643 -179.083908 1.000000
3387398203 315.652771 -189.467133 1.000000
3387398406 325.502899 -199.850357 1.000000
3387398609 335.353027 -210.233582 1.000000
3387398812 345.203156 -220.616806 1.000000
3387399031 355.829651 -231.818405 1.000000
3387399234 361.542786 -243.662018 1.000000
3387399453 360.741180 -235.020782 1.000000
3387399671 336.887512 -222.965668 1.000000
3387399875 324.617096 -211.684723 1.000000
3387400078 312.406830 -200.459076 1.000000
3387400281 300.196564 -189.233429 1.000000
3387400484 287.986298 -178.007782 1.000000
3387400687 275.776031 -166.782135 1.000000
3387400890 263.565765 -155.556488 1.000000
3387401109 250.393112 -143.446075 1.000000
3387401312 238.182846 -132.220428 1.000000
3387401500 226.874817 -121.824272 1.000000
3387401703 214.664551 -110.598633 1.000000
3387401906 202.454285 -99.372993 1.000000
3387402109 190.244019 -88.147354 1.000000
3387402312 178.033752 -76.921715 1.000000
3387402515 165.823486 -65.696075 1.000000
3387402718 153.613220 -54.470436 1.000000
3387402937 140.440567 -42.360016 1.000000
3387403156 127.267921 -30.249596 1.000000
3387403359 115.057655 -19.023956 1.000000
3387403562 102.847389 -7.798317 1.000000
3387403765 90.637123 3.427322 1.000000
3387403953 79.329094 13.823481 1.000000
3387404171 66.216599 25.878601 1.000000
3387404375 53.946186 37.159538 1.000000
3387404578 41.735924 48.385178 1.000000
3387404796 28.623425 60.440300 1.000000
3387405000 16.353012 71.721237 1.000000
3387405218 3.240513 83.776360 1.000000
3387405406 -8.067514 94.172516 1.000000
3387405625 -21.240162 106.282936 1.000000
3387405828 -33.450424 117.508575 1.000000
3387406031 -45.660686 128.734222 1.000000
3387406234 -57.870949 139.959869 1.000000
3387406437 -70.081215 151.185516 1.000000
3387406656 -83.253860 163.295929 1.000000
3387406859 -95.464127 174.521576 1.000000
3387407062 -107.674393 185.747223 1.000000
3387407265 -119.884659 196.972870 1.000000
3387407468 -132.094925 208.198517 1.000000
3387407656 -143.402954 218.594681 1.000000
3387407875 -156.575607 230.705093 1.000000
3387408078 -168.785873 241.930725 1.000000
3387408296 -181.898376 253.985840 1.000000
3387408500 -194.168793 265.266785 1.000000
3387408718 -207.281296 277.321899 1.000000
3387408921 -219.491562 288.547546 1.000000
3387409125 -231.761978 299.828491 1.000000
3387409328 -243.972244 311.054138 1.000000
3387409531 -256.182495 322.279785 1.000000
3387409734 -268.392761 333.505432 1.000000
3387409921 -279.640625 343.846283 1.000000
3387410140 -292.813263 355.956696 1.000000
3387410343 -300.319855 335.942566 1.000000
3387410546 -307.826447 321.885132 1.000000
3387410765 -315.924683 306.719727 1.000000
3387410968 -323.431274 292.662292 1.000000
3387411171 -330.937866 278.604858 1.000000
3387411375 -338.481415 264.478180 1.000000
3387411593 -346.542664 249.382034 1.000000
3387411781 -353.494568 236.363342 1.000000
3387411984 -342.734985 249.192886 1.000000
3387412187 -335.469971 262.022430 1.000000
3387412390 -328.204956 274.851990 1.000000
3387412609 -320.367310 288.692749 1.000000
3387412828 -312.529663 302.533508 1.000000
3387413031 -305.264648 315.363068 1.000000
3387413234 -297.999634 328.192627 1.000000
3387413421 -291.307220 340.010986 1.000000
3387413625 -284.006409 352.903748 1.000000
3387413843 -291.931030 336.833374 1.000000
3387414046 -299.310394 324.572693 1.000000
3387414250 -306.726105 312.251617 1.000000
3387414453 -314.105469 299.990936 1.000000
3387414656 -321.484833 287.730255 1.000000
3387414859 -328.864197 275.469574 1.000000
3387415062 -336.243561 263.208893 1.000000
3387415281 -344.204529 249.981873 1.000000
3387415484 -351.583893 237.721207 1.000000
3387415687 -358.353577 247.666779 1.000000
3387415906 -360.948700 233.353485 1.000000
3387416109 -357.574066 226.044556 1.000000
3387416312 -341.581116 238.524063 1.000000
3387416515 -333.162231 251.003571 1.000000
3387416718 -324.743347 263.483063 1.000000
3387416921 -316.324463 275.962555 1.000000
3387417125 -307.864105 288.503540 1.000000
3387417328 -299.445221 300.983032 1.000000
3387417531 -291.026337 313.462524 1.000000
3387417734 -282.607452 325.942017 1.000000
3387417937 -274.188568 338.421509 1.000000
3387418140 -265.769684 350.901001 1.000000
3387418359 -276.536438 337.444275 1.000000
3387418562 -286.516571 325.805878 1.000000
3387418765 -296.496704 314.167480 1.000000
3387418968 -306.476837 302.529083 1.000000
3387419171 -316.456970 290.890686 1.000000
3387419375 -326.486267 279.194946 1.000000
3387419578 -336.466400 267.556549 1.000000
3387419781 -346.446533 255.918137 1.000000
3387419984 -356.426666 244.279724 1.000000
3387420187 -358.253693 254.054214 1.000000
3387420390 -359.997467 242.163589 1.000000
3387420593 -362.124420 233.253677 1.000000
3387420796 -359.402527 219.470306 1.000000
3387421000 -361.154602 229.187241 1.000000
3387421203 -336.509644 243.058945 1.000000
3387421406 -323.019287 256.930664 1.000000
3387421609 -309.528931 270.802368 1.000000
3387421812 -296.038574 284.674072 1.000000
3387422015 -282.548218 298.545776 1.000000
3387422218 -269.057861 312.417480 1.000000
3387422421 -255.567520 326.289185 1.000000
3387422625 -242.010712 340.229218 1.000000
3387422828 -228.520370 354.100922 1.000000
3387423046 -216.270691 363.603699 1.000000
3387423250 -204.888580 335.934540 1.000000
3387423453 -193.562271 321.938019 1.000000
3387423656 -182.235962 307.941498 1.000000
3387423859 -170.909653 293.944977 1.000000
3387424062 -159.583344 279.948456 1.000000
3387424281 -147.364319 264.848785 1.000000
3387424484 -136.038010 250.852280 1.000000
3387424687 -124.711693 236.855774 1.000000
3387424890 -113.385376 222.859268 1.000000
3387425093 -102.059059 208.862762 1.000000
3387425312 -89.840027 193.763077 1.000000
3387425515 -79.350632 180.800797 1.000000
3387425703 -68.024315 166.804291 1.000000
3387425906 -56.697998 152.807785 1.000000
3387426125 -44.478966 137.708099 1.000000
3387426328 -33.152649 123.711586 1.000000
3387426531 -21.826334 109.715073 1.000000
3387426734 -10.500019 95.718559 1.000000
3387426921 -0.066418 82.825218 1.000000
3387427140 12.152613 67.725533 1.000000
3387427359 24.371643 52.625847 1.000000
3387427562 35.697960 38.629333 1.000000
3387427765 47.024277 24.632822 1.000000
3387427968 58.350594 10.636311 1.000000
3387428171 69.676910 -3.360201 1.000000
3387428375 81.059021 -17.425661 1.000000
3387428578 92.385338 -31.422173 1.000000
3387428781 103.711655 -45.418686 1.000000
3387428984 115.037971 -59.415199 1.000000
3387429187 126.364288 -73.411713 1.000000
3387429390 137.690598 -87.408226 1.000000
3387429593 149.016907 -101.404739 1.000000
3387429812 161.235931 -116.504425 1.000000
3387430015 172.562241 -130.500931 1.000000
3387430218 183.888550 -144.497437 1.000000
3387430421 195.214859 -158.493942 1.000000
3387430640 207.433884 -173.593628 1.000000
3387430859 219.652908 -188.693314 1.000000
3387431062 230.979218 -202.689819 1.000000
3387431265 242.305527 -216.686325 1.000000
3387431468 253.631836 -230.682831 1.000000
3387431671 264.958160 -244.679337 1.000000
3387431875 276.340271 -258.744812 1.000000
3387432078 287.666595 -272.741333 1.000000
3387432281 298.992920 -286.737854 1.000000
3387432500 311.211945 -301.837524 1.000000
3387432703 322.538269 -315.834045 1.000000
3387432906 333.864594 -329.830566 1.000000
3387433125 346.083618 -344.930237 1.000000
3387433343 358.246857 -359.960968 1.000000
3387433546 338.808289 -346.495544 1.000000
3387433750 327.561432 -332.963776 1.000000
3387433953 316.369720 -319.498352 1.000000
3387434156 305.178009 -306.032928 1.000000
3387434359 293.986298 -292.567505 1.000000
3387434578 281.912476 -278.040771 1.000000
3387434781 270.720764 -264.575348 1.000000
3387434984 259.529053 -251.109924 1.000000
3387435187 248.337341 -237.644501 1.000000
3387435390 237.145630 -224.179077 1.000000
3387435593 225.953918 -210.713654 1.000000
3387435812 213.880096 -196.186920 1.000000
3387436015 202.688385 -182.721497 1.000000
3387436234 191.496674 -169.256073 1.000000
3387436406 181.131927 -156.785629 1.000000
3387436609 169.940216 -143.320206 1.000000
3387436812 158.748505 -129.854782 1.000000
3387437031 146.674683 -115.328041 1.000000
3387437234 135.482971 -101.862617 1.000000
3387437421 125.173363 -89.458504 1.000000
3387437625 113.926514 -75.926743 1.000000
3387437828 102.734795 -62.461319 1.000000
3387438046 90.716103 -48.000912 1.000000
3387438234 80.351364 -35.530468 1.000000
3387438453 68.277542 -21.003727 1.000000
3387438671 56.258850 -6.543320 1.000000
3387438875 45.012001 6.988438 1.000000
3387439078 33.820286 20.453863 1.000000
3387439296 21.801596 34.914268 1.000000
3387439484 11.436854 47.384712 1.000000
3387439703 -0.636968 61.911453 1.000000
3387439921 -12.655658 76.371857 1.000000
3387440140 -24.729481 90.898598 1.000000
3387440343 -35.921196 104.364021 1.000000
3387440546 -47.112911 117.829445 1.000000
3387440750 -58.359756 131.361206 1.000000
3387440953 -69.551476 144.826630 1.000000
3387441156 -80.743195 158.292053 1.000000
3387441359 -91.934914 171.757477 1.000000
3387441562 -103.126633 185.222900 1.000000
3387441765 -114.318352 198.688324 1.000000
3387441968 -125.510071 212.153748 1.000000
3387442171 -136.701782 225.619171 1.000000
3387442375 -147.948624 239.150925 1.000000
3387442578 -159.140335 252.616348 1.000000
3387442796 -171.159027 267.076752 1.000000
3387443000 -182.405869 280.608521 1.000000
3387443203 -193.597580 294.073944 1.000000
3387443390 -203.907196 306.478058 1.000000
3387443593 -215.098907 319.943481 1.000000
3387443796 -226.290619 333.408905 1.000000
3387444000 -237.537460 346.940674 1.000000
3387444218 -249.556152 361.401093 1.000000
3387444421 -236.821899 363.131409 1.000000
3387444640 -249.463852 362.083710 1.000000
3387444843 -240.737427 360.246826 1.000000
3387445062 -255.701065 358.525635 1.000000
3387445281 -269.506073 340.806610 1.000000
3387445468 -281.293915 332.956543 1.000000
3387445671 -294.090332 324.434814 1.000000
3387445890 -307.895355 315.241425 1.000000
3387446109 -321.700378 306.048035 1.000000
3387446312 -334.496796 297.526306 1.000000
3387446515 -347.293213 289.004578 1.000000
3387446718 -360.089630 280.482849 1.000000
3387446921 -361.545349 267.481567 1.000000
3387447109 -357.740967 278.504913 1.000000
3387447312 -339.163086 288.779816 1.000000
3387447531 -327.472015 299.864563 1.000000
3387447734 -316.635101 310.139465 1.000000
3387447937 -305.798187 320.414368 1.000000
3387448140 -294.961273 330.689270 1.000000
3387448343 -284.124359 340.964172 1.000000
3387448546 -273.287445 351.239075 1.000000
3387448750 -260.769379 362.365692 1.000000
3387448953 -271.261597 358.540985 1.000000
3387449156 -259.190033 342.365112 1.000000
3387449359 -247.118454 334.730225 1.000000
3387449562 -235.046875 327.095337 1.000000
3387449781 -222.023849 318.858673 1.000000
3387449984 -209.952271 311.223785 1.000000
3387450187 -197.880692 303.588898 1.000000
3387450375 -186.701096 296.518158 1.000000
3387450578 -174.629517 288.883270 1.000000
3387450796 -161.665955 280.684204 1.000000
3387451000 -149.534912 273.011688 1.000000
3387451203 -137.463333 265.376801 1.000000
3387451406 -125.391754 257.741913 1.000000
3387451609 -113.320175 250.107010 1.000000
3387451812 -101.248596 242.472107 1.000000
3387452015 -89.177017 234.837204 1.000000
3387452218 -77.105438 227.202301 1.000000
3387452421 -65.033859 219.567398 1.000000
3387452625 -52.902817 211.894897 1.000000
3387452828 -40.831238 204.259995 1.000000
3387453031 -28.759661 196.625092 1.000000
3387453234 -16.688084 188.990189 1.000000
3387453437 -4.616507 181.355286 1.000000
3387453640 7.455070 173.720383 1.000000
3387453843 19.526648 166.085480 1.000000
3387454062 32.549679 157.848816 1.000000
3387454281 45.572712 149.612152 1.000000
3387454500 58.595745 141.375488 1.000000
3387454703 70.667320 133.740585 1.000000
3387454906 82.738899 126.105690 1.000000
3387455109 94.810478 118.470795 1.000000
3387455312 106.882057 110.835899 1.000000
3387455531 119.905090 102.599236 1.000000
3387455718 131.025208 95.566101 1.000000
3387455921 143.096786 87.931206 1.000000
3387456125 155.227829 80.258698 1.000000
3387456343 168.191391 72.059647 1.000000
3387456531 179.370987 64.988907 1.000000
3387456734 191.442566 57.354012 1.000000
3387456937 203.514145 49.719116 1.000000
3387457140 215.585724 42.084221 1.000000
3387457343 227.657303 34.449326 1.000000
3387457562 240.680328 26.212662 1.000000
3387457750 251.859924 19.141920 1.000000
3387457953 263.931488 11.507023 1.000000
3387458171 276.895050 3.307971 1.000000
3387458390 289.918091 -4.928692 1.000000
3387458593 301.989655 -12.563589 1.000000
3387458796 314.061218 -20.198486 1.000000
3387459000 326.192261 -27.870995 1.000000
3387459203 338.263824 -35.505890 1.000000
3387459406 350.335388 -43.140785 1.000000
3387459625 358.316528 -54.944263 1.000000
3387459843 360.844025 -44.695988 1.000000
3387460046 337.365601 -55.756218 1.000000
3387460250 324.668945 -66.870926 1.000000
3387460453 312.034546 -77.931152 1.000000
3387460671 298.466553 -89.808640 1.000000
3387460890 284.836334 -101.740608 1.000000
3387461109 271.206116 -113.672577 1.000000
3387461296 259.567535 -123.861061 1.000000
3387461515 245.937317 -135.793030 1.000000
3387461734 232.307098 -147.725006 1.000000
3387461937 219.672684 -158.785233 1.000000
3387462140 207.038269 -169.845459 1.000000
3387462343 194.403854 -180.905685 1.000000
3387462531 182.703018 -191.148651 1.000000
3387462750 169.072800 -203.080627 1.000000
3387462968 155.504822 -214.958115 1.000000
3387463187 141.874603 -226.890091 1.000000
3387463375 130.173767 -237.133057 1.000000
3387463562 118.535172 -247.321548 1.000000
3387463765 105.900764 -258.381775 1.000000
3387463968 93.266357 -269.442017 1.000000
3387464171 80.631950 -280.502258 1.000000
3387464375 67.935303 -291.616974 1.000000
3387464578 55.300896 -302.677216 1.000000
3387464796 41.732910 -314.554688 1.000000
3387465000 29.036263 -325.669403 1.000000
3387465203 16.401855 -336.729645 1.000000
3387465421 2.833871 -348.607117 1.000000
3387465625 -9.862776 -359.721832 1.000000
3387465828 -22.912815 -360.226074 1.000000
3387466031 -14.219906 -335.880371 1.000000
3387466250 -4.841841 -320.647858 1.000000
3387466453 3.851068 -306.528229 1.000000
3387466656 12.543978 -292.408600 1.000000
3387466875 21.922043 -277.176086 1.000000
3387467078 30.614952 -263.056458 1.000000
3387467281 39.307861 -248.936813 1.000000
3387467484 48.000771 -234.817169 1.000000
3387467687 56.693680 -220.697525 1.000000
3387467890 65.386589 -206.577881 1.000000
3387468093 74.079498 -192.458237 1.000000
3387468296 82.772408 -178.338593 1.000000
3387468500 91.508141 -164.149399 1.000000
3387468703 100.201050 -150.029755 1.000000
3387468906 108.893959 -135.910110 1.000000
3387469109 117.586868 -121.790466 1.000000
3387469312 126.279778 -107.670822 1.000000
3387469515 134.972687 -93.551178 1.000000
3387469718 143.665588 -79.431534 1.000000
3387469921 152.358490 -65.311890 1.000000
3387470125 161.094223 -51.122692 1.000000
3387470343 170.429474 -35.959724 1.000000
3387470546 179.122375 -21.840080 1.000000
3387470750 187.858109 -7.650883 1.000000
3387470953 196.551025 6.468760 1.000000
3387471156 205.243927 20.588404 1.000000
3387471359 213.936829 34.708046 1.000000
3387471578 223.314896 49.940567 1.000000
3387471781 232.007812 64.060211 1.000000
3387471984 240.700714 78.179855 1.000000
3387472187 249.393616 92.299500 1.000000
3387472375 257.444183 105.375816 1.000000
3387472578 266.137085 119.495461 1.000000
3387472796 275.472321 134.658432 1.000000
3387473000 284.208038 148.847626 1.000000
3387473203 292.900940 162.967270 1.000000
3387473406 301.593842 177.086914 1.000000
3387473609 310.286743 191.206558 1.000000
3387473828 319.664795 206.439087 1.000000
3387474031 328.357697 220.558731 1.000000
3387474234 337.050598 234.678375 1.000000
3387474437 345.743500 248.798019 1.000000
3387474640 354.436401 262.917664 1.000000
3387474843 339.616699 275.542419 1.000000
3387475062 328.415039 289.162231 1.000000
3387475250 318.798981 300.854126 1.000000
3387475453 308.415710 313.478882 1.000000
3387475656 298.032410 326.103638 1.000000
3387475875 286.830750 339.723450 1.000000
3387476078 276.447449 352.348206 1.000000
3387476281 265.967529 340.534058 1.000000
3387476484 255.487595 331.068115 1.000000
3387476703 244.181656 320.856110 1.000000
3387476906 233.701721 311.390167 1.000000
3387477125 222.395782 301.178162 1.000000
3387477328 211.915848 291.712219 1.000000
3387477531 201.435913 282.246277 1.000000
3387477734 190.955978 272.780334 1.000000
3387477937 180.476044 263.314392 1.000000
3387478140 169.996109 253.848465 1.000000
3387478359 158.690170 243.636459 1.000000
3387478562 148.210236 234.170532 1.000000
3387478781 136.904297 223.958527 1.000000
3387478984 126.424362 214.492599 1.000000
3387479187 115.944427 205.026672 1.000000
3387479390 105.464493 195.560745 1.000000
3387479593 94.984558 186.094818 1.000000
3387479796 84.504623 176.628891 1.000000
3387480000 73.973068 167.116333 1.000000
3387480203 63.493134 157.650406 1.000000
3387480406 53.013199 148.184479 1.000000
3387480609 42.533264 138.718552 1.000000
3387480812 32.053329 129.252625 1.000000
3387481015 21.573395 119.786697 1.000000
3387481218 11.093461 110.320770 1.000000
3387481421 0.613527 100.854843 1.000000
3387481640 -10.692411 90.642830 1.000000
3387481828 -20.397964 81.876350 1.000000
3387482031 -30.877899 72.410423 1.000000
3387482250 -42.183838 62.198410 1.000000
3387482453 -52.663773 52.732483 1.000000
3387482656 -63.143707 43.266556 1.000000
3387482859 -73.623642 33.800629 1.000000
3387483062 -84.103577 24.334700 1.000000
3387483281 -95.409515 14.122687 1.000000
3387483484 -105.889450 4.656758 1.000000
3387483687 -116.369385 -4.809171 1.000000
3387483890 -126.849319 -14.275100 1.000000
3387484093 -137.329254 -23.741028 1.000000
3387484296 -147.809189 -33.206955 1.000000
3387484500 -158.340744 -42.719513 1.000000
3387484703 -168.820679 -52.185440 1.000000
3387484906 -179.300613 -61.651367 1.000000
3387485109 -189.780548 -71.117294 1.000000
3387485328 -201.086487 -81.329308 1.000000
3387485531 -211.566422 -90.795235 1.000000
3387485734 -222.046356 -100.261162 1.000000
3387485937 -232.526291 -109.727089 1.000000
3387486140 -243.006226 -119.193016 1.000000
3387486359 -254.312164 -129.405029 1.000000
3387486562 -264.792084 -138.870956 1.000000
3387486765 -275.272003 -148.336884 1.000000
3387486968 -285.751923 -157.802811 1.000000
3387487156 -295.457489 -166.569290 1.000000
3387487375 -306.763428 -176.781296 1.000000
3387487562 -316.417358 -185.501144 1.000000
3387487781 -327.723297 -195.713150 1.000000
3387487984 -338.203217 -205.179077 1.000000
3387488187 -348.683136 -214.645004 1.000000
3387488390 -359.163055 -224.110931 1.000000
3387488593 -357.692871 -233.817001 1.000000
3387488796 -363.868439 -242.241837 1.000000
3387489015 -339.330872 -256.777344 1.000000
3387489218 -329.441223 -270.250916 1.000000
3387489406 -320.282318 -282.728882 1.000000
3387489593 -311.172150 -295.140503 1.000000
3387489796 -301.282501 -308.614075 1.000000
3387490000 -291.344116 -322.154022 1.000000
3387490203 -281.454468 -335.627594 1.000000
3387490406 -271.564819 -349.101166 1.000000
3387490609 -261.675171 -362.574738 1.000000
3387490828 -247.158676 -363.726715 1.000000
3387491031 -236.096558 -359.256805 1.000000
3387491234 -225.425491 -342.284119 1.000000
3387491437 -214.754425 -334.568237 1.000000
3387491640 -204.083359 -326.852356 1.000000
3387491859 -192.571228 -318.528320 1.000000
3387492078 -181.059097 -310.204285 1.000000
3387492281 -170.388031 -302.488403 1.000000
3387492484 -159.716965 -294.772522 1.000000
3387492687 -149.045898 -287.056641 1.000000
3387492890 -138.374832 -279.340759 1.000000
3387493093 -127.703766 -271.624878 1.000000
3387493296 -117.032700 -263.908997 1.000000
3387493500 -106.309067 -256.155121 1.000000
3387493703 -95.638000 -248.439240 1.000000
3387493921 -84.178429 -240.153214 1.000000
3387494125 -73.454796 -232.399323 1.000000
3387494328 -62.783730 -224.683441 1.000000
3387494531 -52.112663 -216.967560 1.000000
3387494734 -41.441597 -209.251678 1.000000
3387494937 -30.770531 -201.535797 1.000000
3387495140 -20.099464 -193.819916 1.000000
3387495359 -8.587329 -185.495880 1.000000
3387495562 2.083737 -177.779999 1.000000
3387495750 11.966301 -170.634262 1.000000
3387495953 22.637367 -162.918381 1.000000
3387496156 33.308434 -155.202499 1.000000
3387496359 43.979500 -147.486618 1.000000
3387496578 55.491634 -139.162598 1.000000
3387496781 66.162704 -131.446716 1.000000
3387497000 77.674843 -123.122688 1.000000
3387497203 88.345909 -115.406807 1.000000
3387497406 99.016975 -107.690926 1.000000
3387497625 110.529114 -99.366898 1.000000
3387497828 121.200180 -91.651016 1.000000
3387498031 131.871246 -83.935135 1.000000
3387498234 142.542313 -76.219254 1.000000
3387498453 154.054443 -67.895226 1.000000
3387498656 164.725510 -60.179344 1.000000
3387498859 175.396576 -52.463463 1.000000
3387499078 186.908707 -44.139435 1.000000
3387499281 197.579773 -36.423553 1.000000
3387499484 208.250839 -28.707674 1.000000
3387499687 218.921906 -20.991795 1.000000
3387499890 229.592972 -13.275915 1.000000
3387500109 241.105103 -4.951887 1.000000
3387500312 251.776169 2.763993 1.000000
3387500531 263.288300 11.088020 1.000000
3387500734 273.959351 18.803900 1.000000
3387500953 285.471497 27.127928 1.000000
3387501156 296.142578 34.843807 1.000000
3387501359 306.813660 42.559689 1.000000
3387501562 317.484741 50.275570 1.000000
3387501765 328.155823 57.991451 1.000000
3387501968 338.826904 65.707329 1.000000
3387502171 349.497986 73.423210 1.000000
3387502375 360.221619 81.177101 1.000000
3387502593 338.575958 90.732574 1.000000
3387502812 327.099518 100.331879 1.000000
3387503031 315.623077 109.931183 1.000000
3387503218 305.823547 118.127853 1.000000
3387503437 294.347107 127.727158 1.000000
3387503640 283.709137 136.625153 1.000000
3387503843 273.071167 145.523132 1.000000
3387504046 262.433197 154.421112 1.000000
3387504250 251.742813 163.362930 1.000000
3387504453 241.104828 172.260925 1.000000
3387504671 229.680786 181.816406 1.000000
3387504875 218.990402 190.758224 1.000000
3387505078 208.352417 199.656219 1.000000
3387505296 196.928375 209.211700 1.000000
3387505500 186.237991 218.153519 1.000000
3387505718 174.813950 227.709000 1.000000
3387505921 164.175964 236.606995 1.000000
3387506125 153.485580 245.548813 1.000000
3387506328 142.847595 254.446808 1.000000
3387506500 133.834137 261.985992 1.000000
3387506703 123.196152 270.883972 1.000000
3387506906 112.558167 279.781952 1.000000
3387507125 101.081718 289.381256 1.000000
3387507328 90.443733 298.279236 1.000000
3387507531 79.805748 307.177216 1.000000
3387507734 69.167763 316.075195 1.000000
3387507953 57.691319 325.674500 1.000000
3387508156 47.053337 334.572479 1.000000
3387508359 36.415352 343.470459 1.000000
3387508562 25.777369 352.368439 1.000000
3387508765 39.774609 358.300659 1.000000
3387508984 26.619400 362.288666 1.000000
3387509203 17.337189 362.184143 1.000000
3387509406 28.364868 359.292786 1.000000
3387509609 14.232785 339.189728 1.000000
3387509828 -1.013156 327.527435 1.000000
3387510046 -16.189480 315.918396 1.000000
3387510250 -30.391178 305.054871 1.000000
3387510453 -44.523262 294.244598 1.000000
3387510656 -58.655346 283.434326 1.000000
3387510859 -72.787430 272.624054 1.000000
3387511078 -88.033371 260.961761 1.000000
3387511281 -102.165451 250.151505 1.000000
3387511484 -116.297531 239.341248 1.000000
3387511687 -130.429611 228.530991 1.000000
3387511890 -144.561691 217.720734 1.000000
3387512093 -158.693771 206.910477 1.000000
3387512296 -172.825851 196.100220 1.000000
3387512515 -188.071793 184.437927 1.000000
3387512718 -202.203873 173.627670 1.000000
3387512921 -216.335953 162.817413 1.000000
3387513125 -230.537659 151.953903 1.000000
3387513343 -245.713989 140.344864 1.000000
3387513546 -259.846069 129.534607 1.000000
3387513750 -274.047760 118.671097 1.000000
3387513968 -289.224091 107.062050 1.000000
3387514171 -303.356171 96.251793 1.000000
3387514375 -317.557861 85.388283 1.000000
3387514578 -331.689941 74.578026 1.000000
3387514796 -346.866272 62.968979 1.000000
3387515000 -361.067963 52.105469 1.000000
3387515203 -338.633881 65.051399 1.000000
3387515390 -328.163635 76.976959 1.000000
3387515609 -315.901672 90.943253 1.000000
3387515812 -304.535553 103.889183 1.000000
3387516015 -293.169434 116.835114 1.000000
3387516218 -281.803314 129.781036 1.000000
3387516421 -270.437195 142.726959 1.000000
3387516640 -258.175232 156.693253 1.000000
3387516843 -246.809128 169.639175 1.000000
3387517046 -235.443024 182.585098 1.000000
3387517250 -224.020920 195.594803 1.000000
3387517453 -212.654816 208.540726 1.000000
3387517656 -201.288712 221.486649 1.000000
3387517859 -189.922607 234.432571 1.000000
3387518062 -178.556503 247.378494 1.000000
3387518281 -166.294540 261.344788 1.000000
3387518500 -154.032578 275.311096 1.000000
3387518703 -142.666473 288.257019 1.000000
3387518906 -132.196213 300.182587 1.000000
3387519093 -120.830109 313.128510 1.000000
3387519281 -110.303864 325.117828 1.000000
3387519484 -98.937759 338.063751 1.000000
3387519703 -86.675804 352.030060 1.000000
3387519921 -98.728729 340.134277 1.000000
3387520125 -110.007614 330.902130 1.000000
3387520328 -121.231209 321.715240 1.000000
3387520531 -132.454803 312.528351 1.000000
3387520750 -144.563019 302.617371 1.000000
3387520953 -155.786606 293.430481 1.000000
3387521171 -167.839523 283.564758 1.000000
3387521375 -179.118408 274.332611 1.000000
3387521578 -190.341995 265.145721 1.000000
3387521781 -201.565582 255.958817 1.000000
3387521984 -212.789169 246.771912 1.000000
3387522203 -224.897385 236.860916 1.000000
3387522406 -236.120972 227.674011 1.000000
3387522609 -247.344559 218.487106 1.000000
3387522828 -259.452759 208.576111 1.000000
3387523015 -269.791748 200.113297 1.000000
3387523234 -281.015350 190.926392 1.000000
3387523421 -292.238953 181.739487 1.000000
3387523625 -303.517822 172.507324 1.000000
3387523843 -315.570740 162.641586 1.000000
3387524046 -326.794342 153.454681 1.000000
3387524250 -338.073212 144.222519 1.000000
3387524453 -349.296814 135.035614 1.000000
3387524671 -361.349731 125.169876 1.000000
3387524875 -339.472321 114.705566 1.000000
3387525062 -329.821960 105.113281 1.000000
3387525265 -319.345886 94.700264 1.000000
3387525468 -308.869812 84.287247 1.000000
3387525687 -297.568054 73.053505 1.000000
3387525890 -287.091980 62.640491 1.000000
3387526109 -275.790222 51.406746 1.000000
3387526312 -265.314148 40.993732 1.000000
3387526515 -254.838074 30.580719 1.000000
3387526718 -244.362000 20.167706 1.000000
3387526921 -233.885925 9.754691 1.000000
3387527125 -223.358246 -0.709619 1.000000
3387527343 -212.108078 -11.892068 1.000000
3387527546 -201.632004 -22.305082 1.000000
3387527765 -190.330231 -33.538826 1.000000
3387527984 -179.028458 -44.772572 1.000000
3387528187 -168.552383 -55.185585 1.000000
3387528375 -158.850403 -64.829163 1.000000
3387528593 -147.600235 -76.011612 1.000000
3387528812 -136.298462 -87.245354 1.000000
3387529015 -125.822395 -97.658371 1.000000
3387529218 -115.346329 -108.071388 1.000000
3387529421 -104.870262 -118.484406 1.000000
3387529625 -94.342590 -128.948715 1.000000
3387529843 -83.092430 -140.131165 1.000000
3387530062 -71.790665 -151.364914 1.000000
3387530265 -61.314598 -161.777924 1.000000
3387530468 -50.838531 -172.190933 1.000000
3387530687 -39.536762 -183.424683 1.000000
3387530906 -28.234993 -194.658432 1.000000
3387531109 -17.758924 -205.071442 1.000000
3387531312 -7.282856 -215.484451 1.000000
3387531515 3.193213 -225.897461 1.000000
3387531734 14.494981 -237.131210 1.000000
3387531937 24.971050 -247.544220 1.000000
3387532140 35.447121 -257.957245 1.000000
3387532343 45.923187 -268.370270 1.000000
3387532546 56.399254 -278.783295 1.000000
3387532750 66.926926 -289.247620 1.000000
3387532953 77.402992 -299.660645 1.000000
3387533156 87.879059 -310.073669 1.000000
3387533359 98.355125 -320.486694 1.000000
3387533562 108.831192 -330.899719 1.000000
3387533765 119.307259 -341.312744 1.000000
3387533968 129.783325 -351.725769 1.000000
3387534171 140.317047 -337.324829 1.000000
3387534375 150.902649 -324.587219 1.000000
3387534578 161.436371 -311.912048 1.000000
3387534781 171.970093 -299.236877 1.000000
3387534984 182.503815 -286.561707 1.000000
3387535187 193.037537 -273.886536 1.000000
3387535390 203.571259 -261.211365 1.000000
3387535593 214.104980 -248.536194 1.000000
3387535812 225.468948 -234.861984 1.000000
3387536015 236.002670 -222.186813 1.000000
3387536234 247.366638 -208.512604 1.000000
3387536437 257.900360 -195.837433 1.000000
3387536640 268.434082 -183.162262 1.000000
3387536843 278.967804 -170.487091 1.000000
3387537062 290.331757 -156.812881 1.000000
3387537265 300.865479 -144.137711 1.000000
3387537484 312.229431 -130.463501 1.000000
3387537687 322.763153 -117.788322 1.000000
3387537875 332.518524 -106.049736 1.000000
3387538078 343.052246 -93.374557 1.000000
3387538296 354.364319 -79.762787 1.000000
3387538500 363.863800 -68.474625 1.000000
3387538718 362.769287 -56.418812 1.000000
3387538921 341.711761 -44.305626 1.000000
3387539125 333.382690 -32.132767 1.000000
3387539328 325.094452 -20.019581 1.000000
3387539531 316.806213 -7.906394 1.000000
3387539734 308.517975 4.206793 1.000000
3387539937 300.229736 16.319981 1.000000
3387540156 291.288239 29.387901 1.000000
3387540359 283.000000 41.501087 1.000000
3387540578 274.058502 54.569008 1.000000
3387540781 265.770264 66.682198 1.000000
3387541000 256.828766 79.750122 1.000000
3387541218 247.928101 92.758369 1.000000
3387541437 238.986603 105.826294 1.000000
3387541640 230.698364 117.939484 1.000000
3387541843 222.410126 130.052673 1.000000
3387542062 213.468628 143.120590 1.000000
3387542265 205.180389 155.233780 1.000000
3387542468 196.892151 167.346970 1.000000
3387542671 188.603912 179.460159 1.000000
3387542875 180.274841 191.633011 1.000000
3387543093 171.374176 204.641266 1.000000
3387543296 163.085938 216.754456 1.000000
3387543500 154.756866 228.927307 1.000000
3387543687 147.121887 240.085754 1.000000
3387543890 138.833649 252.198944 1.000000
3387544093 130.545410 264.312134 1.000000
3387544296 122.257172 276.425323 1.000000
3387544500 113.928101 288.598175 1.000000
3387544718 105.027428 301.606415 1.000000
3387544921 96.739189 313.719604 1.000000
3387545140 87.797691 326.787537 1.000000
3387545359 78.856194 339.855469 1.000000
3387545562 70.567955 351.968658 1.000000
3387545781 58.607525 359.540894 1.000000
3387545984 48.889908 359.507324 1.000000
3387546187 61.045631 342.837311 1.000000
3387546390 73.201355 335.674622 1.000000
3387546593 85.357079 328.511932 1.000000
3387546796 97.512802 321.349243 1.000000
3387547000 109.728409 314.151245 1.000000
3387547203 121.884132 306.988556 1.000000
3387547421 134.938065 299.296600 1.000000
3387547625 147.153671 292.098602 1.000000
3387547843 160.207596 284.406647 1.000000
3387548031 171.465118 277.773193 1.000000
3387548234 183.620850 270.610504 1.000000
3387548437 195.776581 263.447815 1.000000
3387548640 207.932312 256.285126 1.000000
3387548843 220.088043 249.122421 1.000000
3387549046 232.243774 241.959717 1.000000
3387549250 244.459381 234.761734 1.000000
3387549453 256.615112 227.599030 1.000000
3387549656 268.770844 220.436325 1.000000
3387549875 281.884644 212.709076 1.000000
3387550078 294.040375 205.546371 1.000000
3387550281 306.196106 198.383667 1.000000
3387550484 318.351837 191.220963 1.000000
3387550687 330.507568 184.058258 1.000000
3387550875 341.765076 177.424820 1.000000
3387551078 353.920807 170.262115 1.000000
3387551296 336.215485 179.387833 1.000000
3387551500 323.316223 187.927490 1.000000
3387551718 309.531708 197.053207 1.000000
3387551921 296.695679 205.551010 1.000000
3387552125 283.796417 214.090668 1.000000
3387552328 270.960388 222.588470 1.000000
3387552531 258.124359 231.086273 1.000000
3387552734 245.288315 239.584076 1.000000
3387552937 232.452271 248.081879 1.000000
3387553140 219.616226 256.579681 1.000000
3387553343 206.780182 265.077484 1.000000
3387553546 193.944138 273.575287 1.000000
3387553750 181.044861 282.114929 1.000000
3387553953 168.208817 290.612732 1.000000
3387554156 155.372772 299.110535 1.000000
3387554359 142.536728 307.608337 1.000000
3387554562 129.700684 316.106140 1.000000
3387554781 115.852936 325.273712 1.000000
3387554984 103.016891 333.771515 1.000000
3387555187 90.180847 342.269318 1.000000
3387555390 77.344803 350.767120 1.000000
3387555593 64.407333 360.498962 1.000000
3387555796 51.167610 359.289001 1.000000
3387556000 62.546661 342.745789 1.000000
3387556218 74.706627 334.993744 1.000000
3387556421 86.029900 327.775116 1.000000
3387556625 97.408951 320.520905 1.000000
3387556828 108.732224 313.302277 1.000000
3387557046 120.892189 305.550232 1.000000
3387557234 131.378769 298.864990 1.000000
3387557437 142.702042 291.646362 1.000000
3387557640 154.025314 284.427734 1.000000
3387557843 165.348587 277.209106 1.000000
3387558046 176.671860 269.990479 1.000000
3387558265 188.887604 262.202881 1.000000
3387558484 201.103348 254.415283 1.000000
3387558687 212.426620 247.196640 1.000000
3387558890 223.749893 239.977997 1.000000
3387559093 235.073166 232.759354 1.000000
3387559296 246.396439 225.540710 1.000000
3387559500 257.775482 218.286514 1.000000
3387559703 269.098755 211.067871 1.000000
3387559890 279.529541 204.418182 1.000000
3387560109 291.745300 196.630585 1.000000
3387560328 303.961060 188.842987 1.000000
3387560531 315.284332 181.624344 1.000000
3387560734 326.607605 174.405701 1.000000
3387560937 337.930878 167.187057 1.000000
3387561140 349.254150 159.968414 1.000000
3387561359 361.469910 152.180817 1.000000
3387561562 359.126129 163.434540 1.000000
3387561781 359.936798 177.300522 1.000000
3387561984 357.571259 163.226105 1.000000
3387562187 359.314575 170.948761 1.000000
3387562390 361.220001 178.885269 1.000000
3387562609 339.896851 167.551605 1.000000
3387562812 330.531830 157.045975 1.000000
3387563015 321.166809 146.540344 1.000000
3387563218 311.801788 136.034714 1.000000
3387563437 301.698639 124.701057 1.000000
3387563640 292.333618 114.195427 1.000000
3387563859 282.230469 102.861771 1.000000
3387564062 272.865448 92.356140 1.000000
3387564265 263.500427 81.850510 1.000000
3387564468 254.135406 71.344879 1.000000
3387564671 244.770386 60.839252 1.000000
3387564875 235.359222 50.281872 1.000000
3387565078 225.994202 39.776245 1.000000
3387565281 216.629181 29.270618 1.000000
3387565484 207.264160 18.764992 1.000000
3387565703 197.160995 7.431334 1.000000
3387565890 188.534103 -2.246264 1.000000
3387566093 179.169067 -12.751891 1.000000
3387566296 169.804047 -23.257519 1.000000
3387566515 159.700882 -34.591175 1.000000
3387566718 150.335846 -45.096802 1.000000
3387566921 140.970825 -55.602428 1.000000
3387567140 130.867661 -66.936089 1.000000
3387567328 122.194626 -76.665436 1.000000
3387567531 112.829597 -87.171066 1.000000
3387567734 103.464569 -97.676697 1.000000
3387567937 94.099541 -108.182327 1.000000
3387568140 84.734512 -118.687958 1.000000
3387568343 75.369484 -129.193588 1.000000
3387568562 65.266327 -140.527252 1.000000
3387568781 55.163170 -151.860916 1.000000
3387568984 45.798141 -162.366547 1.000000
3387569203 35.694984 -173.700211 1.000000
3387569406 26.329956 -184.205841 1.000000
3387569609 16.964928 -194.711472 1.000000
3387569812 7.599899 -205.217102 1.000000
3387570015 -1.765129 -215.722733 1.000000
3387570218 -11.130157 -226.228363 1.000000
3387570421 -20.495186 -236.733994 1.000000
3387570640 -30.598343 -248.067657 1.000000
3387570843 -39.963371 -258.573273 1.000000
3387571046 -49.328400 -269.078888 1.000000
3387571250 -58.739563 -279.636261 1.000000
3387571453 -68.104591 -290.141876 1.000000
3387571671 -78.161613 -301.423767 1.000000
3387571875 -87.572777 -311.981140 1.000000
3387572078 -96.937805 -322.486755 1.000000
3387572281 -106.302834 -332.992371 1.000000
3387572484 -115.667862 -343.497986 1.000000
3387572687 -125.032890 -354.003601 1.000000
3387572875 -112.466751 -357.801300 1.000000
3387573078 -102.283119 -337.215912 1.000000
3387573281 -92.099487 -324.431824 1.000000
3387573484 -81.915855 -311.647736 1.000000
3387573687 -71.732224 -298.863647 1.000000
3387573890 -61.548588 -286.079559 1.000000
3387574109 -50.562302 -272.287842 1.000000
3387574328 -39.576015 -258.496124 1.000000
3387574531 -29.392380 -245.712036 1.000000
3387574734 -19.208744 -232.927948 1.000000
3387574953 -8.222458 -219.136246 1.000000
3387575156 1.961177 -206.352158 1.000000
3387575359 12.144812 -193.568069 1.000000
3387575562 22.328445 -180.783981 1.000000
3387575765 32.512081 -167.999893 1.000000
3387575968 42.695717 -155.215805 1.000000
3387576171 52.879353 -142.431717 1.000000
3387576375 63.113152 -129.584641 1.000000
3387576578 73.296783 -116.800545 1.000000
3387576781 83.480415 -104.016449 1.000000
3387577000 94.466705 -90.224739 1.000000
3387577203 104.650337 -77.440643 1.000000
3387577406 114.833969 -64.656548 1.000000
3387577609 125.017601 -51.872452 1.000000
3387577812 135.201233 -39.088356 1.000000
3387578015 145.384872 -26.304260 1.000000
3387578234 156.371155 -12.512552 1.000000
3387578421 165.752136 -0.736071 1.000000
3387578640 176.738419 13.055637 1.000000
3387578843 186.922058 25.839733 1.000000
3387579046 197.105698 38.623829 1.000000
3387579250 207.339493 51.470901 1.000000
3387579453 217.523132 64.254997 1.000000
3387579656 227.706772 77.039093 1.000000
3387579859 237.890411 89.823189 1.000000
3387580062 248.074051 102.607285 1.000000
3387580265 258.257690 115.391380 1.000000
3387580468 268.441315 128.175476 1.000000
3387580671 278.624939 140.959564 1.000000
3387580890 289.611237 154.751266 1.000000
3387581093 299.794861 167.535355 1.000000
3387581296 309.978485 180.319443 1.000000
3387581500 320.212280 193.166519 1.000000
3387581703 330.395905 205.950607 1.000000
3387581906 340.579529 218.734695 1.000000
3387582109 350.763153 231.518784 1.000000
3387582312 359.988342 221.238815 1.000000
3387582500 361.512543 210.393997 1.000000
3387582718 364.453491 222.319397 1.000000
3387582906 340.091888 229.599197 1.000000
3387583125 328.550018 238.079407 1.000000
3387583328 317.851379 245.940048 1.000000
3387583531 307.152740 253.800690 1.000000
3387583750 295.610870 262.280884 1.000000
3387583937 285.755463 269.521973 1.000000
3387584140 275.056824 277.382629 1.000000
3387584359 263.514954 285.862823 1.000000
3387584531 254.450104 292.523071 1.000000
3387584734 243.751465 300.383728 1.000000
3387584937 233.052826 308.244385 1.000000
3387585156 221.510941 316.724579 1.000000
3387585359 210.812302 324.585236 1.000000
3387585562 200.113663 332.445892 1.000000
3387585765 189.415024 340.306549 1.000000
3387585968 178.716385 348.167206 1.000000
3387586171 168.017746 356.027863 1.000000
3387586375 181.465256 342.241852 1.000000
3387586578 194.846848 334.521759 1.000000
3387586781 208.228439 326.801666 1.000000
3387586984 221.610031 319.081573 1.000000
3387587187 234.991623 311.361481 1.000000
3387587390 248.373215 303.641388 1.000000
3387587593 261.754822 295.921295 1.000000
3387587796 275.136414 288.201202 1.000000
3387588000 288.583923 280.443054 1.000000
3387588203 301.965515 272.722961 1.000000
3387588406 315.347107 265.002869 1.000000
3387588609 328.728699 257.282776 1.000000
3387588812 342.110291 249.562668 1.000000
3387589015 355.491882 241.842560 1.000000
3387589218 361.485840 251.677002 1.000000
3387589421 364.012634 264.359741 1.000000
3387589640 358.392334 249.262024 1.000000
3387589859 358.474487 261.604095 1.000000
3387590062 342.106110 248.651215 1.000000
3387590265 334.212219 235.698334 1.000000
3387590468 326.318329 222.745453 1.000000
3387590671 318.424438 209.792572 1.000000
3387590875 310.491669 196.775879 1.000000
3387591078 302.597778 183.822998 1.000000
3387591281 294.703888 170.870117 1.000000
3387591484 286.809998 157.917236 1.000000
3387591687 278.916107 144.964355 1.000000
3387591906 270.400024 130.990555 1.000000
3387592109 262.506134 118.037674 1.000000
3387592312 254.612244 105.084793 1.000000
3387592515 246.718353 92.131912 1.000000
3387592718 238.824463 79.179031 1.000000
3387592921 230.930573 66.226151 1.000000
3387593125 222.997787 53.209461 1.000000
3387593328 215.103897 40.256580 1.000000
3387593531 207.210007 27.303699 1.000000
3387593734 199.316116 14.350819 1.000000
3387593937 191.422226 1.397938 1.000000
3387594140 183.528336 -11.554943 1.000000
3387594343 175.634445 -24.507824 1.000000
3387594546 167.740555 -37.460705 1.000000
3387594750 159.807770 -50.477394 1.000000
3387594953 151.913879 -63.430275 1.000000
3387595156 144.019989 -76.383156 1.000000
3387595359 136.126099 -89.336037 1.000000
3387595562 128.232208 -102.288918 1.000000
3387595765 120.338310 -115.241798 1.000000
3387595968 112.444412 -128.194672 1.000000
3387596171 104.550514 -141.147552 1.000000
3387596375 96.617729 -154.164246 1.000000
3387596578 88.723831 -167.117126 1.000000
3387596781 80.829933 -180.070007 1.000000
3387596984 72.936035 -193.022888 1.000000
3387597203 64.419960 -206.996689 1.000000
3387597406 56.526062 -219.949570 1.000000
3387597609 48.632164 -232.902451 1.000000
3387597828 40.116089 -246.876251 1.000000
3387598031 32.222191 -259.829132 1.000000
3387598234 24.328295 -272.782013 1.000000
3387598437 16.434399 -285.734894 1.000000
3387598640 8.540503 -298.687775 1.000000
3387598843 0.646606 -311.640656 1.000000
3387599046 -7.247291 -324.593536 1.000000
3387599250 -15.180074 -337.610229 1.000000
3387599453 -23.073971 -350.563110 1.000000
3387599656 -12.879913 -339.075439 1.000000
3387599859 -2.685856 -328.150879 1.000000
3387600062 7.508202 -317.226318 1.000000
3387600265 17.702259 -306.301758 1.000000
3387600468 27.896317 -295.377197 1.000000
3387600671 38.090374 -284.452637 1.000000
3387600890 49.087906 -272.667053 1.000000
3387601093 59.281963 -261.742493 1.000000
3387601296 69.476021 -250.817947 1.000000
3387601500 79.720299 -239.839584 1.000000
3387601703 89.914352 -228.915039 1.000000
3387601906 100.108414 -217.990494 1.000000
3387602125 111.105942 -206.204895 1.000000
3387602328 121.300003 -195.280350 1.000000
3387602531 131.494064 -184.355804 1.000000
3387602734 141.688126 -173.431259 1.000000
3387602937 151.882187 -162.506714 1.000000
3387603140 162.076248 -151.582169 1.000000
3387603343 172.270309 -140.657623 1.000000
3387603546 182.464371 -129.733078 1.000000
3387603765 193.461899 -117.947479 1.000000
3387603968 203.655960 -107.022926 1.000000
3387604171 213.850021 -96.098373 1.000000
3387604359 223.290817 -85.981056 1.000000
3387604578 234.288345 -74.195457 1.000000
3387604781 244.482407 -63.270908 1.000000
3387604984 254.676468 -52.346359 1.000000
3387605187 264.870514 -41.421810 1.000000
3387605406 275.868042 -29.636211 1.000000
3387605609 286.062103 -18.711662 1.000000
3387605828 297.059631 -6.926064 1.000000
3387606031 307.253693 3.998486 1.000000
3387606234 317.447754 14.923036 1.000000
3387606437 327.641815 25.847586 1.000000
3387606640 337.835876 36.772137 1.000000
3387606843 348.029938 47.696686 1.000000
3387607046 358.223999 58.621235 1.000000
3387607250 360.624756 72.362396 1.000000
3387607437 359.359222 61.179672 1.000000
3387607640 360.127808 68.935059 1.000000
3387607843 338.880219 83.025070 1.000000
3387608046 327.760437 97.115082 1.000000
3387608265 315.764221 112.315643 1.000000
3387608468 304.644440 126.405655 1.000000
3387608671 293.524658 140.495667 1.000000
3387608875 282.350098 154.655090 1.000000
3387609093 270.408661 169.786240 1.000000
3387609296 259.288879 183.876251 1.000000
3387609500 248.114319 198.035675 1.000000
3387609703 236.994537 212.125687 1.000000
3387609906 225.874756 226.215698 1.000000
3387610109 214.754974 240.305710 1.000000
3387610312 203.635193 254.395721 1.000000
3387610515 192.515411 268.485748 1.000000
3387610734 180.519196 283.686310 1.000000
3387610953 168.522980 298.886871 1.000000
3387611140 158.279633 311.866333 1.000000
3387611359 146.283417 327.066895 1.000000
3387611562 135.163635 341.156921 1.000000
3387611781 123.167419 356.357483 1.000000
3387611984 131.278305 337.945740 1.000000
3387612187 139.389191 325.891479 1.000000
3387612390 147.500076 313.837219 1.000000
3387612593 155.610962 301.782959 1.000000
3387612812 164.361130 288.778595 1.000000
3387613015 172.472015 276.724335 1.000000
3387613218 180.582901 264.670074 1.000000
3387613421 188.693787 252.615799 1.000000
3387613609 196.205353 241.452240 1.000000
3387613812 204.316238 229.397964 1.000000
3387614000 211.827805 218.234406 1.000000
3387614203 219.938690 206.180130 1.000000
3387614406 228.049576 194.125854 1.000000
3387614609 236.160461 182.071579 1.000000
3387614812 244.271347 170.017303 1.000000
3387615031 253.021515 157.012939 1.000000
3387615234 261.132416 144.958664 1.000000
3387615437 269.243317 132.904388 1.000000
3387615640 277.354218 120.850113 1.000000
3387615843 285.465118 108.795837 1.000000
3387616046 293.576019 96.741562 1.000000
3387616250 301.726868 84.627907 1.000000
3387616453 309.837769 72.573631 1.000000
3387616656 317.948669 60.519356 1.000000
3387616859 326.059570 48.465080 1.000000
3387617062 334.170471 36.410805 1.000000
3387617265 342.281372 24.356531 1.000000
3387617468 350.392273 12.302258 1.000000
3387617671 336.902832 -0.163825 1.000000
3387617875 323.741150 -12.691317 1.000000
